












                        System = d14s77.old

                        Chromosome = 14

                        Frequencies by Freq and Size
                        ----------------------------

                          1 -- 211   0.159        257   0.008
                          2 -- 219   0.130        255   0.008
                          3 -- 207   0.098        253   0.024
                          4 -- 213   0.069        251   0.020
                          5 -- 233   0.049        249   0.020
                          6 -- 215   0.049        247   0.016
                          7 -- 243   0.041        245   0.020
                          8 -- 227   0.037        243   0.041
                          9 -- 231   0.037        241   0.024
                         10 -- 229   0.033        239   0.016
                         11 -- 237   0.033        237   0.033
                         12 -- 221   0.028        235   0.020
                         13 -- 223   0.024        233   0.049
                         14 -- 241   0.024        231   0.037
                         15 -- 253   0.024        229   0.033
                         16 -- 249   0.020        227   0.037
                         17 -- 251   0.020        225   0.020
                         18 -- 235   0.020        223   0.024
                         19 -- 225   0.020        221   0.028
                         20 -- 245   0.020        219   0.130
                         21 -- 239   0.016        217   0.012
                         22 -- 247   0.016        215   0.049
                         23 -- 217   0.012        213   0.069
                         24 -- 255   0.008        211   0.159
                         25 -- 257   0.008        209   0.004
                         26 -- 209   0.004        207   0.098

                        het = 0.927

                        pic = 0.923


                        Individuals used:  123
