












                        System = mfd118b.out

                        Chromosome = 6

                        Frequencies by Freq and Size
                        ----------------------------

                          1 -- 158   0.220        174   0.021
                          2 -- 168   0.178        172   0.123
                          3 -- 170   0.136        170   0.136
                          4 -- 172   0.123        168   0.178
                          5 -- 152   0.123        166   0.055
                          6 -- 166   0.055        164   0.017
                          7 -- 150   0.055        162   0.017
                          8 -- 160   0.030        160   0.030
                          9 -- 156   0.025        158   0.220
                         10 -- 174   0.021        156   0.025
                         11 -- 162   0.017        152   0.123
                         12 -- 164   0.017        150   0.055

                        het = 0.863

                        pic = 0.848
