












                        System = mfd212.out

                        Chromosome = 11

                        Frequencies by Freq and Size
                        ----------------------------

                          1 -- 226   0.195        242   0.012
                          2 -- 234   0.146        240   0.012
                          3 -- 236   0.098        238   0.024
                          4 -- 230   0.098        236   0.098
                          5 -- 218   0.098        234   0.146
                          6 -- 228   0.085        232   0.073
                          7 -- 222   0.085        230   0.098
                          8 -- 232   0.073        228   0.085
                          9 -- 220   0.061        226   0.195
                         10 -- 238   0.024        222   0.085
                         11 -- 242   0.012        220   0.061
                         12 -- 216   0.012        218   0.098
                         13 -- 240   0.012        216   0.012

                        het = 0.887

                        pic = 0.877
